日期,商品名稱,身份別,多方交易口數,多方交易契約金額(千元),空方交易口數,空方交易契約金額(千元),多空交易口數淨額,多空交易契約金額淨額(千元),多方未平倉口數,多方未平倉契約金額(千元),空方未平倉口數,空方未平倉契約金額(千元),多空未平倉口數淨額,多空未平倉契約金額淨額(千元)
2024/01/02,臺指選擇權,外資,128109,417558,126042,410676,2067,6882,75840,738424,83275,539753,-7435,198671
2024/01/02,臺指選擇權,投信,0,0,0,0,0,0,142,618,100,85,42,533
2024/01/02,臺指選擇權,自營商,233557,495436,236383,513446,-2826,-18010,99462,548256,135934,630028,-36472,-81772
2024/01/03,臺指選擇權,外資,219956,615948,225045,620416,-5089,-4468,71753,596947,80808,551704,-9055,45243
2024/01/03,臺指選擇權,投信,0,0,0,0,0,0,142,1207,100,148,42,1059
2024/01/03,臺指選擇權,自營商,395747,778781,425533,816303,-29786,-37523,87273,532375,113378,593385,-26105,-61010
2024/01/04,臺指選擇權,外資,81118,348000,80856,351231,262,-3231,76949,604658,85742,566660,-8793,37998
2024/01/04,臺指選擇權,投信,0,0,0,0,0,0,142,1164,100,145,42,1019
2024/01/04,臺指選擇權,自營商,165428,466725,152441,413565,12987,53160,108587,572244,121705,580188,-13118,-7944
2024/01/05,臺指選擇權,外資,102594,422908,94805,402124,7789,20784,86674,625801,87678,581023,-1004,44778
2024/01/05,臺指選擇權,投信,0,0,0,0,0,0,142,1278,100,150,42,1128
2024/01/05,臺指選擇權,自營商,168040,468113,181659,510169,-13619,-42057,114308,583650,141045,626159,-26737,-42509
2024/01/08,臺指選擇權,外資,171889,625725,168263,617338,3626,8386,93956,618780,91334,534676,2622,84104
2024/01/08,臺指選擇權,投信,0,0,0,0,0,0,142,873,100,83,42,790
2024/01/08,臺指選擇權,自營商,270460,678289,261443,624229,9017,54061,116491,568728,134211,558944,-17720,9784
2024/01/09,臺指選擇權,外資,200489,674716,198407,683105,2082,-8389,100918,603563,96214,565698,4704,37865
2024/01/09,臺指選擇權,投信,0,0,0,0,0,0,142,973,100,83,42,890
2024/01/09,臺指選擇權,自營商,333825,728816,343028,735793,-9203,-6977,117747,589413,144670,576114,-26923,13299
2024/01/10,臺指選擇權,外資,253995,725039,253751,713513,244,11526,95524,575922,91169,584174,4355,-8252
2024/01/10,臺指選擇權,投信,0,0,0,0,0,0,142,1271,100,118,42,1153
2024/01/10,臺指選擇權,自營商,343898,747986,355986,733588,-12088,14398,90019,579860,110840,538721,-20821,41139
2024/01/11,臺指選擇權,外資,87307,477193,94052,494958,-6745,-17765,99409,695556,101799,643964,-2390,51592
2024/01/11,臺指選擇權,投信,0,0,0,0,0,0,142,959,100,100,42,859
2024/01/11,臺指選擇權,自營商,140975,516194,136441,490138,4534,26057,102837,640393,119124,603905,-16287,36488
2024/01/12,臺指選擇權,外資,122038,653363,125547,729389,-3509,-76026,104267,687868,110166,791308,-5899,-103440
2024/01/12,臺指選擇權,投信,0,0,0,0,0,0,142,1228,100,155,42,1073
2024/01/12,臺指選擇權,自營商,112156,537255,114285,520624,-2129,16631,117247,747377,135663,671098,-18416,76279
2024/01/15,臺指選擇權,外資,186258,719220,167561,700175,18697,19045,118890,493171,106092,529105,12798,-35934
2024/01/15,臺指選擇權,投信,0,0,0,0,0,0,142,291,100,8,42,283
2024/01/15,臺指選擇權,自營商,260306,613656,260299,608762,7,4893,120862,597646,139271,441227,-18409,156419
2024/01/16,臺指選擇權,外資,150988,529630,148563,542877,2425,-13247,122930,479186,107707,626856,15223,-147670
2024/01/16,臺指選擇權,投信,0,0,0,0,0,0,142,1214,100,7,42,1207
2024/01/16,臺指選擇權,自營商,277162,614272,278119,581416,-957,32856,132318,694077,151684,486813,-19366,207264
2024/01/17,臺指選擇權,外資,328453,910423,336648,932981,-8195,-22558,34042,300486,54034,496956,-19992,-196470
2024/01/17,臺指選擇權,投信,153,2304,142,2194,11,111,153,2387,0,0,153,2387
2024/01/17,臺指選擇權,自營商,347615,813831,389775,953729,-42160,-139898,76278,576471,80038,481963,-3760,94508
2024/01/18,臺指選擇權,外資,91233,446796,90760,448919,473,-2123,43423,321185,62942,492377,-19519,-171192
2024/01/18,臺指選擇權,投信,0,0,0,0,0,0,153,2081,0,0,153,2081
2024/01/18,臺指選擇權,自營商,154700,494982,148964,458455,5736,36527,95779,588805,93803,458495,1976,130310
2024/01/19,臺指選擇權,外資,203448,904681,185923,872590,17525,32091,60670,439776,62664,405489,-1994,34287
2024/01/19,臺指選擇權,投信,0,0,0,0,0,0,153,895,0,0,153,895
2024/01/19,臺指選擇權,自營商,304897,990185,312855,932785,-7958,57400,99197,641298,105179,506514,-5982,134784
2024/01/22,臺指選擇權,外資,181746,745606,180837,753101,909,-7495,66322,523699,67407,403947,-1085,119752
2024/01/22,臺指選擇權,投信,0,0,0,0,0,0,153,620,0,0,153,620
2024/01/22,臺指選擇權,自營商,260537,718194,270831,784754,-10294,-66560,110100,683419,126376,640191,-16276,43228
2024/01/23,臺指選擇權,外資,135399,461191,132133,459052,3266,2139,70981,549116,68800,399810,2181,149306
2024/01/23,臺指選擇權,投信,0,0,0,0,0,0,153,505,0,0,153,505
2024/01/23,臺指選擇權,自營商,205203,485295,181222,418694,23981,66601,132651,727336,124946,621962,7705,105374
2024/01/24,臺指選擇權,外資,182377,527396,180278,582809,2099,-55413,64456,479939,63135,453137,1321,26802
2024/01/24,臺指選擇權,投信,0,0,0,0,0,0,153,467,0,0,153,467
2024/01/24,臺指選擇權,自營商,261557,595300,256986,518215,4571,77086,106353,681150,93068,450117,13285,231033
2024/01/25,臺指選擇權,外資,110125,508304,107470,494645,2655,13659,72622,595062,68646,501207,3976,93855
2024/01/25,臺指選擇權,投信,0,0,0,0,0,0,153,337,0,0,153,337
2024/01/25,臺指選擇權,自營商,161831,499257,164755,536199,-2924,-36942,123835,700946,113474,535602,10361,165344
2024/01/26,臺指選擇權,外資,105129,469650,105540,467989,-411,1662,73984,601365,70419,510213,3565,91152
2024/01/26,臺指選擇權,投信,0,0,0,0,0,0,153,344,0,0,153,344
2024/01/26,臺指選擇權,自營商,133728,402518,125228,378652,8500,23866,137822,728491,118961,545198,18861,183293
2024/01/29,臺指選擇權,外資,131433,482446,131586,491401,-153,-8955,74342,684341,70930,537579,3412,146762
2024/01/29,臺指選擇權,投信,0,0,0,0,0,0,153,195,0,0,153,195
2024/01/29,臺指選擇權,自營商,196103,465231,216280,477872,-20177,-12641,119425,708391,120741,589773,-1316,118618
2024/01/30,臺指選擇權,外資,137043,430883,135723,440665,1320,-9782,79482,615752,74750,515316,4732,100436
2024/01/30,臺指選擇權,投信,100,1975,445,1144,-345,831,253,2082,445,1102,-192,980
2024/01/30,臺指選擇權,自營商,160660,385725,168315,415432,-7655,-29707,117854,652490,126825,549962,-8971,102528
2024/01/31,臺指選擇權,外資,179183,477732,177721,465210,1462,12522,66561,445211,67502,428820,-941,16391
2024/01/31,臺指選擇權,投信,0,0,0,0,0,0,253,1585,445,856,-192,729
2024/01/31,臺指選擇權,自營商,259838,524200,290631,569082,-30793,-44882,84100,567250,98415,454007,-14315,113243
2024/02/01,臺指選擇權,外資,79242,447665,83648,462645,-4406,-14980,68618,498000,73965,464702,-5347,33298
2024/02/01,臺指選擇權,投信,0,0,0,0,0,0,253,1742,445,871,-192,871
2024/02/01,臺指選擇權,自營商,110694,424678,113399,416826,-2705,7851,96257,615694,113277,500236,-17020,115458
2024/02/02,臺指選擇權,外資,75210,384786,70960,378035,4250,6751,72133,544030,73230,464848,-1097,79182
2024/02/02,臺指選擇權,投信,0,0,0,0,0,0,253,1919,445,826,-192,1093
2024/02/02,臺指選擇權,自營商,95372,333806,94880,322919,492,10887,107378,633549,123906,518201,-16528,115348
2024/02/05,臺指選擇權,外資,75699,358493,76825,361725,-1126,-3232,75792,558242,78015,485118,-2223,73124
2024/02/05,臺指選擇權,投信,0,0,0,0,0,0,253,1927,445,826,-192,1101
2024/02/05,臺指選擇權,自營商,131534,429461,126244,439609,5290,-10148,117846,649762,129084,546043,-11238,103719
2024/02/15,臺指選擇權,外資,176624,572365,160134,538309,16490,34056,86003,1236392,70160,798721,15843,437671
2024/02/15,臺指選擇權,投信,0,0,0,0,0,0,253,4364,445,2854,-192,1510
2024/02/15,臺指選擇權,自營商,264265,1073289,240242,965073,24023,108216,104037,833212,102184,810010,1853,23202
2024/02/16,臺指選擇權,外資,82812,387372,79522,390137,3290,-2765,92213,1173181,73080,783257,19133,389924
2024/02/16,臺指選擇權,投信,0,0,0,0,0,0,253,4208,445,2598,-192,1610
2024/02/16,臺指選擇權,自營商,130009,417102,136404,473966,-6395,-56865,118542,802181,123084,815429,-4542,-13248
2024/02/19,臺指選擇權,外資,112133,382353,117274,378059,-5141,4294,92430,1198566,78438,808529,13992,390037
2024/02/19,臺指選擇權,投信,0,0,0,0,0,0,253,4352,445,2700,-192,1652
2024/02/19,臺指選擇權,自營商,163058,337685,166651,334410,-3593,3275,126443,778459,134578,803575,-8135,-25116
2024/02/20,臺指選擇權,外資,126026,405270,123703,397691,2323,7580,102314,1398233,85999,922562,16315,475671
2024/02/20,臺指選擇權,投信,0,0,0,0,0,0,253,4752,445,3302,-192,1450
2024/02/20,臺指選擇權,自營商,194597,427693,186409,370933,8188,56760,138377,877645,138324,890095,53,-12450
2024/02/21,臺指選擇權,外資,237737,630491,236902,630926,835,-434,39534,310425,45984,293588,-6450,16837
2024/02/21,臺指選擇權,投信,172,2260,153,2,19,2258,172,2322,0,0,172,2322
2024/02/21,臺指選擇權,自營商,265474,566171,279007,636061,-13533,-69890,87879,656068,74381,283197,13498,372871
2024/02/22,臺指選擇權,外資,87400,386577,86866,410790,534,-24213,48210,412160,54126,336342,-5916,75818
2024/02/22,臺指選擇權,投信,0,0,0,0,0,0,172,1410,0,0,172,1410
2024/02/22,臺指選擇權,自營商,171333,541931,165971,512222,5362,29709,110400,753415,91540,364764,18860,388651
2024/02/23,臺指選擇權,外資,130704,576966,124897,546463,5807,30503,61552,451775,61661,346224,-109,105551
2024/02/23,臺指選擇權,投信,0,0,0,0,0,0,172,1290,0,0,172,1290
2024/02/23,臺指選擇權,自營商,205214,605948,203864,636078,1350,-30130,128067,766840,107857,410761,20210,356079
2024/02/26,臺指選擇權,外資,109315,407558,109872,414528,-557,-6970,67048,475621,67714,365702,-666,109919
2024/02/26,臺指選擇權,投信,0,0,0,0,0,0,172,1041,0,0,172,1041
2024/02/26,臺指選擇權,自營商,173223,435910,165240,401925,7983,33985,134208,787740,106015,411999,28193,375741
2024/02/27,臺指選擇權,外資,182245,654887,179663,663040,2582,-8153,74340,400794,72424,361652,1916,39142
2024/02/27,臺指選擇權,投信,0,0,0,0,0,0,172,1299,0,0,172,1299
2024/02/27,臺指選擇權,自營商,258687,659141,271814,694331,-13127,-35190,129937,794991,114871,411359,15066,383632
2024/02/29,臺指選擇權,外資,190324,499959,195214,528233,-4890,-28273,45210,389291,55386,343107,-10176,46184
2024/02/29,臺指選擇權,投信,0,0,0,0,0,0,172,998,0,0,172,998
2024/02/29,臺指選擇權,自營商,290840,637636,277000,570929,13840,66707,104472,771828,84350,391262,20122,380566
2024/03/01,臺指選擇權,外資,104952,437829,105790,443799,-838,-5970,50231,385310,61245,347911,-11014,37399
2024/03/01,臺指選擇權,投信,0,0,0,0,0,0,172,894,0,0,172,894
2024/03/01,臺指選擇權,自營商,159809,467109,162142,464928,-2333,2181,116789,769770,99000,391774,17789,377996
2024/03/04,臺指選擇權,外資,214984,904871,207382,891899,7602,12972,67610,723995,71022,448458,-3412,275537
2024/03/04,臺指選擇權,投信,0,0,100,206,-100,-206,172,348,100,203,72,145
2024/03/04,臺指選擇權,自營商,347623,978435,346897,1036044,726,-57609,141087,947442,122572,642675,18515,304767
2024/03/05,臺指選擇權,外資,232076,857863,235660,872367,-3584,-14504,74453,829403,81449,506773,-6996,322630
2024/03/05,臺指選擇權,投信,0,0,0,0,0,0,172,254,100,148,72,106
2024/03/05,臺指選擇權,自營商,319626,868151,309067,917061,10559,-48909,164721,1019420,135647,766329,29074,253091
2024/03/06,臺指選擇權,外資,291435,917524,291928,920328,-493,-2804,57926,895129,59092,478278,-1166,416851
2024/03/06,臺指選擇權,投信,0,0,0,0,0,0,172,176,100,103,72,73
2024/03/06,臺指選擇權,自營商,448930,1104613,437982,1122407,10948,-17794,134937,981792,117745,748406,17192,233386
2024/03/07,臺指選擇權,外資,210309,1154044,209187,1162289,1122,-8246,71583,1270924,71627,619406,-44,651518
2024/03/07,臺指選擇權,投信,0,0,0,0,0,0,172,108,100,63,72,45
2024/03/07,臺指選擇權,自營商,286072,1104540,272921,1171527,13151,-66987,176537,1257303,146194,1146840,30343,110463
2024/03/08,臺指選擇權,外資,315782,1773428,310830,1763159,4952,10269,84572,1482883,79664,709030,4908,773853
2024/03/08,臺指選擇權,投信,0,0,0,0,0,0,172,108,100,63,72,45
2024/03/08,臺指選擇權,自營商,344962,1587880,363766,1779334,-18804,-191454,179306,1363967,167767,1468388,11539,-104421
2024/03/11,臺指選擇權,外資,290592,1514982,291507,1520879,-915,-5897,88440,1351677,84447,686249,3993,665428
2024/03/11,臺指選擇權,投信,0,0,0,0,0,0,172,125,100,73,72,52
2024/03/11,臺指選擇權,自營商,294056,1191363,296119,1250541,-2063,-59178,192264,1284451,182788,1396332,9476,-111881
2024/03/12,臺指選擇權,外資,209376,876489,204751,861476,4625,15013,91204,1689423,82586,754268,8618,935155
2024/03/12,臺指選擇權,投信,0,0,0,0,0,0,172,37,100,22,72,15
2024/03/12,臺指選擇權,自營商,308932,877900,314758,924216,-5826,-46316,189751,1353381,186101,1619889,3650,-266508
2024/03/13,臺指選擇權,外資,391978,1066596,395477,1064798,-3499,1798,82215,1550979,74107,686166,8108,864813
2024/03/13,臺指選擇權,投信,0,0,0,0,0,0,172,22,100,13,72,9
2024/03/13,臺指選擇權,自營商,455161,1186352,465047,1292410,-9886,-106058,150182,1293934,147646,1646887,2536,-352953
2024/03/14,臺指選擇權,外資,161515,847084,161878,895147,-363,-48062,87431,1505191,79686,716697,7745,788494
2024/03/14,臺指選擇權,投信,0,0,0,0,0,0,172,9,100,6,72,3
2024/03/14,臺指選擇權,自營商,183757,785133,186940,752642,-3183,32491,170877,1418027,171524,1695884,-647,-277857
2024/03/15,臺指選擇權,外資,166243,790785,171442,802427,-5199,-11643,89091,1139668,86545,630182,2546,509486
2024/03/15,臺指選擇權,投信,0,0,0,0,0,0,172,13,100,8,72,5
2024/03/15,臺指選擇權,自營商,193825,650491,193563,703248,262,-52757,178600,1315053,178985,1499871,-385,-184818
2024/03/18,臺指選擇權,外資,158034,636504,158017,639099,17,-2595,90152,1403410,87589,691507,2563,711903
2024/03/18,臺指選擇權,投信,0,0,0,0,0,0,172,4,100,3,72,1
2024/03/18,臺指選擇權,自營商,216772,526831,215329,541370,1443,-14540,191148,1402614,190090,1668393,1058,-265779
2024/03/19,臺指選擇權,外資,217965,770846,222572,796170,-4607,-25323,91168,1293404,93212,679110,-2044,614294
2024/03/19,臺指選擇權,投信,0,0,0,0,0,0,172,2,100,1,72,1
2024/03/19,臺指選擇權,自營商,284367,696238,277671,685996,6696,10242,196231,1360795,188477,1564317,7754,-203522
2024/03/20,臺指選擇權,外資,363056,967551,362553,959688,503,7863,17937,137131,29194,121717,-11257,15414
2024/03/20,臺指選擇權,投信,172,2168,172,2,0,2166,172,2296,0,0,172,2296
2024/03/20,臺指選擇權,自營商,414396,910986,434246,973159,-19850,-62172,76131,684043,60784,364501,15347,319542
2024/03/21,臺指選擇權,外資,134397,724475,132986,705441,1411,19034,27636,287077,37482,188648,-9846,98429
2024/03/21,臺指選擇權,投信,0,0,0,0,0,0,172,1041,0,0,172,1041
2024/03/21,臺指選擇權,自營商,225406,815421,241078,859007,-15672,-43586,86125,864497,86450,556663,-325,307834
2024/03/22,臺指選擇權,外資,179224,902198,181857,926249,-2633,-24051,31215,264959,43694,199818,-12479,65141
2024/03/22,臺指選擇權,投信,0,0,0,0,0,0,172,877,0,0,172,877
2024/03/22,臺指選擇權,自營商,234642,835567,241090,865207,-6448,-29641,95039,841337,101812,541948,-6773,299389
2024/03/25,臺指選擇權,外資,140180,615757,142517,621317,-2337,-5560,34072,269268,48888,212388,-14816,56880
2024/03/25,臺指選擇權,投信,0,0,0,0,0,0,172,851,0,0,172,851
2024/03/25,臺指選擇權,自營商,198324,541696,181418,491872,16906,49824,109407,840988,99274,488450,10133,352538
2024/03/26,臺指選擇權,外資,415702,1587297,414192,1590594,1510,-3297,42530,316151,55836,275000,-13306,41151
2024/03/26,臺指選擇權,投信,0,0,0,0,0,0,172,1023,0,0,172,1023
2024/03/26,臺指選擇權,自營商,461397,1195584,467315,1231176,-5918,-35591,115670,880141,111455,563049,4215,317092
2024/03/27,臺指選擇權,外資,241838,671474,238549,674152,3289,-2679,36960,321514,47255,255060,-10295,66454
2024/03/27,臺指選擇權,投信,100,1259,80,243,20,1016,272,2123,80,280,192,1843
2024/03/27,臺指選擇權,自營商,334644,648486,319999,634235,14645,14251,86516,839131,74881,494219,11635,344912
2024/03/28,臺指選擇權,外資,131329,668121,133175,675040,-1846,-6919,41472,302468,53613,255812,-12141,46656
2024/03/28,臺指選擇權,投信,0,0,0,0,0,0,272,1903,80,204,192,1699
2024/03/28,臺指選擇權,自營商,172056,576506,182929,668712,-10873,-92206,104731,829760,103969,568351,762,261409
2024/03/29,臺指選擇權,外資,130425,586712,127918,575635,2507,11076,43084,324807,52718,257825,-9634,66982
2024/03/29,臺指選擇權,投信,0,0,0,0,0,0,272,1933,80,228,192,1705
2024/03/29,臺指選擇權,自營商,180938,617378,152639,494080,28299,123299,121922,920739,92861,533775,29061,386964
2024/04/01,臺指選擇權,外資,156229,651460,155431,657960,798,-6500,47120,327519,55956,267116,-8836,60403
2024/04/01,臺指選擇權,投信,0,0,0,0,0,0,272,1819,80,198,192,1621
2024/04/01,臺指選擇權,自營商,208020,607150,221322,670617,-13302,-63466,121222,907781,105463,585303,15759,322478
2024/04/02,臺指選擇權,外資,209364,763193,205472,741395,3892,21798,53781,472012,58725,335727,-4944,136285
2024/04/02,臺指選擇權,投信,0,0,100,50,-100,-50,272,2295,180,454,92,1841
2024/04/02,臺指選擇權,自營商,306370,812557,274252,685607,32118,126950,151423,1098932,103546,652766,47877,446166
2024/04/03,臺指選擇權,外資,303055,867258,306430,890936,-3375,-23678,41750,339270,46690,278768,-4940,60502
2024/04/03,臺指選擇權,投信,0,0,0,0,0,0,272,1851,180,271,92,1580
2024/04/03,臺指選擇權,自營商,335927,761386,368545,888228,-32618,-126842,102799,930198,85185,625795,17614,304403
2024/04/08,臺指選擇權,外資,140226,562487,142218,567883,-1992,-5395,46100,354559,53032,286025,-6932,68534
2024/04/08,臺指選擇權,投信,0,0,0,0,0,0,272,1765,180,185,92,1580
2024/04/08,臺指選擇權,自營商,201106,511909,183242,455934,17864,55976,134746,960647,99268,605948,35478,354699
2024/04/09,臺指選擇權,外資,265308,1061769,266717,1116374,-1409,-54606,55068,716507,63409,495010,-8341,221497
2024/04/09,臺指選擇權,投信,0,0,0,0,0,0,272,3489,180,852,92,2637
2024/04/09,臺指選擇權,自營商,394028,1027349,378782,1095719,15246,-68370,152547,1392077,101823,939556,50724,452521
2024/04/10,臺指選擇權,外資,290358,851877,290367,859832,-9,-7955,47654,620926,58047,445234,-10393,175692
2024/04/10,臺指選擇權,投信,0,0,0,0,0,0,272,3311,180,723,92,2588
2024/04/10,臺指選擇權,自營商,332322,747405,346800,842300,-14478,-94895,112198,1196320,89878,877341,22320,318979
2024/04/11,臺指選擇權,外資,154339,930839,156066,933101,-1727,-2262,63901,771563,76021,661353,-12120,110210
2024/04/11,臺指選擇權,投信,0,0,200,296,-200,-296,272,2820,380,593,-108,2227
2024/04/11,臺指選擇權,自營商,188275,595137,200115,642613,-11840,-47476,122932,1091017,112452,838413,10480,252604
2024/04/12,臺指選擇權,外資,167478,680204,165902,687981,1576,-7777,74792,758953,85336,663841,-10544,95112
2024/04/12,臺指選擇權,投信,0,0,0,0,0,0,272,2793,380,415,-108,2378
2024/04/12,臺指選擇權,自營商,175190,480014,168366,457299,6824,22715,131051,1091668,113747,809803,17304,281865
2024/04/15,臺指選擇權,外資,236248,948631,235532,965672,716,-17041,78728,678504,88556,709586,-9828,-31082
2024/04/15,臺指選擇權,投信,80,80,0,0,80,80,272,1621,300,499,-28,1122
2024/04/15,臺指選擇權,自營商,267576,720286,285142,729839,-17566,-9553,127686,1041776,127948,797586,-262,244190
2024/04/16,臺指選擇權,外資,425433,2007348,413647,1946373,11786,60975,91986,905183,90028,1294074,1958,-388891
2024/04/16,臺指選擇權,投信,280,4049,240,387,40,3662,272,375,260,364,12,11
2024/04/16,臺指選擇權,自營商,529444,1853658,533001,1686881,-3557,166777,142568,1337682,146387,1073985,-3819,263697
2024/04/17,臺指選擇權,外資,486756,1589987,483858,1592695,2898,-2708,42169,686001,52030,783232,-9861,-97231
2024/04/17,臺指選擇權,投信,266,2101,172,3,94,2099,166,2083,0,0,166,2083
2024/04/17,臺指選擇權,自營商,523303,1411252,505947,1277018,17356,134234,81687,944509,76614,620165,5073,324344
2024/04/18,臺指選擇權,外資,221466,1473189,222785,1474129,-1319,-940,53968,771726,65148,771715,-11180,11
2024/04/18,臺指選擇權,投信,80,1859,180,915,-100,943,246,4137,180,1196,66,2941
2024/04/18,臺指選擇權,自營商,211619,968569,209276,997069,2343,-28499,101441,984577,94025,710804,7416,273773
2024/04/19,臺指選擇權,外資,497720,3196249,501365,3166349,-3645,29899,57807,1012666,72632,1564384,-14825,-551718
2024/04/19,臺指選擇權,投信,0,0,0,0,0,0,246,5705,180,1255,66,4450
2024/04/19,臺指選擇權,自營商,505292,2778512,503323,2754195,1969,24318,115568,1456500,106183,988751,9385,467749
2024/04/22,臺指選擇權,外資,280952,1527487,277950,1510438,3002,17049,63570,986918,75393,1517654,-11823,-530736
2024/04/22,臺指選擇權,投信,0,0,0,0,0,0,246,5273,180,981,66,4292
2024/04/22,臺指選擇權,自營商,307124,1339347,305260,1304048,1864,35299,129637,1420965,118388,898359,11249,522606
2024/04/23,臺指選擇權,外資,223055,903453,220472,887248,2583,16204,66639,878517,75879,1261418,-9240,-382901
2024/04/23,臺指選擇權,投信,0,0,0,0,0,0,246,4212,180,650,66,3562
2024/04/23,臺指選擇權,自營商,264327,724763,248294,646926,16033,77837,147837,1310882,120555,754855,27282,556027
2024/04/24,臺指選擇權,外資,309077,1078295,303877,1100320,5200,-22025,54525,789862,57229,795806,-2704,-5944
2024/04/24,臺指選擇權,投信,0,0,0,0,0,0,246,3503,180,700,66,2803
2024/04/24,臺指選擇權,自營商,445286,1282493,411852,1240423,33434,42070,90454,1081522,84665,670814,5789,410708
2024/04/25,臺指選擇權,外資,158974,964310,159608,968945,-634,-4635,62799,854631,66137,1023847,-3338,-169216
2024/04/25,臺指選擇權,投信,0,0,0,0,0,0,246,3819,180,630,66,3189
2024/04/25,臺指選擇權,自營商,174674,763298,168706,832064,5968,-68765,111826,1133105,100069,746183,11757,386922
2024/04/26,臺指選擇權,外資,307348,1706280,301998,1699789,5350,6491,72595,877236,70583,866736,2012,10500
2024/04/26,臺指選擇權,投信,0,0,0,0,0,0,246,3380,180,654,66,2726
2024/04/26,臺指選擇權,自營商,240921,1162782,230792,1075128,10129,87654,126739,1182788,104853,778708,21886,404080
2024/04/29,臺指選擇權,外資,195633,1001132,194209,1007007,1424,-5875,74494,1038438,71058,769801,3436,268637
2024/04/29,臺指選擇權,投信,0,0,0,0,0,0,246,3622,180,1123,66,2499
2024/04/29,臺指選擇權,自營商,232449,875419,225855,929901,6594,-54482,135321,1303244,106841,972806,28480,330438
2024/04/30,臺指選擇權,外資,167322,742546,168687,747414,-1365,-4869,75268,939247,73197,791931,2071,147316
2024/04/30,臺指選擇權,投信,0,0,0,0,0,0,246,3410,180,877,66,2533
2024/04/30,臺指選擇權,自營商,180042,554458,183286,580984,-3244,-26527,139486,1203340,114250,880691,25236,322649
2024/05/02,臺指選擇權,外資,281812,868016,284008,879942,-2196,-11926,62681,779792,64964,743553,-2283,36239
2024/05/02,臺指選擇權,投信,0,0,0,0,0,0,246,2975,180,572,66,2403
2024/05/02,臺指選擇權,自營商,327262,759917,350701,843628,-23439,-83711,91264,961123,86134,722065,5130,239058
2024/05/03,臺指選擇權,外資,185174,1000935,181923,974077,3251,26858,72816,829572,71848,728840,968,100732
2024/05/03,臺指選擇權,投信,0,0,0,0,0,0,246,2921,180,614,66,2307
2024/05/03,臺指選擇權,自營商,206883,718482,204876,733476,2007,-14994,114733,989372,107596,775948,7137,213424
2024/05/06,臺指選擇權,外資,217400,1005340,214565,1011792,2835,-6452,76554,887488,72751,678859,3803,208629
2024/05/06,臺指選擇權,投信,0,0,0,0,0,0,246,3195,180,870,66,2325
2024/05/06,臺指選擇權,自營商,242039,840879,247893,853103,-5854,-12224,120165,1039339,118882,870541,1283,168798
2024/05/07,臺指選擇權,外資,198265,811549,202003,832653,-3738,-21104,78486,898302,78421,695955,65,202347
2024/05/07,臺指選擇權,投信,0,0,0,0,0,0,246,3312,180,896,66,2416
2024/05/07,臺指選擇權,自營商,231646,635048,227721,609655,3925,25394,130283,1066740,125075,885877,5208,180863
2024/05/08,臺指選擇權,外資,249563,711106,252807,726722,-3244,-15616,66412,872104,73690,662741,-7278,209363
2024/05/08,臺指選擇權,投信,0,0,0,0,0,0,246,3476,180,996,66,2480
2024/05/08,臺指選擇權,自營商,294230,564047,266771,502995,27459,61052,108109,1056421,87438,826598,20671,229823
2024/05/09,臺指選擇權,外資,127900,686447,121477,681852,6423,4594,73222,811542,74077,660974,-855,150568
2024/05/09,臺指選擇權,投信,0,0,0,0,0,0,246,3008,180,624,66,2384
2024/05/09,臺指選擇權,自營商,146397,516547,144053,528901,2344,-12354,124010,1009431,100995,771528,23015,237903
2024/05/10,臺指選擇權,外資,142691,724886,144724,723744,-2033,1142,75494,931920,78382,683296,-2888,248624
2024/05/10,臺指選擇權,投信,0,0,0,0,0,0,246,3725,180,1078,66,2647
2024/05/10,臺指選擇權,自營商,181777,621674,174931,614774,6846,6900,133489,1076637,103628,873965,29861,202672
2024/05/13,臺指選擇權,外資,182313,819363,181106,831039,1207,-11675,76927,936007,78608,668423,-1681,267584
2024/05/13,臺指選擇權,投信,0,0,0,0,0,0,246,3930,180,1194,66,2736
2024/05/13,臺指選擇權,自營商,235708,698087,249611,763698,-13903,-65611,129985,1065681,114027,936228,15958,129453
2024/05/14,臺指選擇權,外資,154637,575442,160915,589793,-6278,-14351,80253,1050487,88212,726733,-7959,323754
2024/05/14,臺指選擇權,投信,0,0,0,0,0,0,246,4445,180,1641,66,2804
2024/05/14,臺指選擇權,自營商,209453,522720,195077,457592,14376,65128,144164,1182295,113830,1013932,30334,168363
2024/05/15,臺指選擇權,外資,397380,1239440,393349,1241552,4031,-2112,41375,544104,57234,478308,-15859,65796
2024/05/15,臺指選擇權,投信,184,2232,166,2,18,2230,184,2309,0,0,184,2309
2024/05/15,臺指選擇權,自營商,493580,1271810,462070,1231050,31510,40759,83183,1099842,53571,566981,29612,532861
2024/05/16,臺指選擇權,外資,138526,875536,144934,935940,-6408,-60404,49356,651456,71623,605540,-22267,45916
2024/05/16,臺指選擇權,投信,0,0,0,0,0,0,184,1969,0,0,184,1969
2024/05/16,臺指選擇權,自營商,216230,974983,225633,1093026,-9403,-118043,102492,1159926,82283,734665,20209,425261
2024/05/17,臺指選擇權,外資,125022,675471,124234,680134,788,-4663,53953,660399,75432,628775,-21479,31624
2024/05/17,臺指選擇權,投信,80,2252,250,871,-170,1381,264,4162,250,840,14,3322
2024/05/17,臺指選擇權,自營商,129351,482976,129489,500432,-138,-17456,108643,1140250,88572,728637,20071,411613
2024/05/20,臺指選擇權,外資,211235,1059477,209956,1005736,1279,53741,60084,672050,80284,597047,-20200,75003
2024/05/20,臺指選擇權,投信,0,0,0,0,0,0,264,4048,250,760,14,3288
2024/05/20,臺指選擇權,自營商,219167,734997,230617,826637,-11450,-91640,111277,1120831,102656,783201,8621,337630
2024/05/21,臺指選擇權,外資,186469,737220,183597,737776,2872,-555,65159,687279,82487,623783,-17328,63496
2024/05/21,臺指選擇權,投信,0,0,0,0,0,0,264,4134,250,750,14,3384
2024/05/21,臺指選擇權,自營商,210707,554973,210894,550154,-187,4819,112855,1132478,104421,772529,8434,359949
2024/05/22,臺指選擇權,外資,259966,878993,258289,838822,1677,40170,54717,779536,65744,587757,-11027,191779
2024/05/22,臺指選擇權,投信,0,0,0,0,0,0,264,4192,250,965,14,3227
2024/05/22,臺指選擇權,自營商,378472,871052,357832,871245,20640,-193,87445,1198793,76488,887080,10957,311713
2024/05/23,臺指選擇權,外資,106290,647659,106521,660351,-231,-12691,63376,788470,74634,604999,-11258,183471
2024/05/23,臺指選擇權,投信,0,0,0,0,0,0,264,3934,250,850,14,3084
2024/05/23,臺指選擇權,自營商,150584,644187,147972,628129,2612,16058,102155,1180682,88586,851963,13569,328719
2024/05/24,臺指選擇權,外資,156926,864665,159419,872135,-2493,-7470,64550,751857,78301,582520,-13751,169337
2024/05/24,臺指選擇權,投信,0,0,0,0,0,0,264,3804,250,795,14,3009
2024/05/24,臺指選擇權,自營商,174178,674893,165796,693289,8382,-18395,114878,1166752,92927,856774,21951,309978
2024/05/27,臺指選擇權,外資,177532,836218,178303,838190,-771,-1972,67378,908955,81900,677404,-14522,231551
2024/05/27,臺指選擇權,投信,0,0,0,0,0,0,264,4133,250,1043,14,3090
2024/05/27,臺指選擇權,自營商,231879,757163,236423,761864,-4544,-4702,117386,1276879,99979,1016294,17407,260585
2024/05/28,臺指選擇權,外資,140879,555718,145069,572541,-4190,-16823,67801,947923,86513,713377,-18712,234546
2024/05/28,臺指選擇權,投信,0,0,0,0,0,0,264,4197,250,1093,14,3104
2024/05/28,臺指選擇權,自營商,197654,528573,190954,540353,6700,-11780,128938,1322234,104831,1082695,24107,239539
2024/05/29,臺指選擇權,外資,255908,780786,259977,785318,-4069,-4532,56621,751586,75115,593183,-18494,158403
2024/05/29,臺指選擇權,投信,0,0,0,0,0,0,264,3744,250,828,14,2916
2024/05/29,臺指選擇權,自營商,301272,741125,319610,815166,-18338,-74040,87393,1119500,78922,942686,8471,176814
2024/05/30,臺指選擇權,外資,160908,955635,158415,938531,2493,17104,66117,682421,82118,599421,-16001,83000
2024/05/30,臺指選擇權,投信,0,0,0,0,0,0,264,3381,250,550,14,2831
2024/05/30,臺指選擇權,自營商,191398,826809,192991,824250,-1593,2559,107871,1117300,100993,910868,6878,206432
2024/05/31,臺指選擇權,外資,234015,1316859,236358,1323573,-2343,-6715,74864,701357,93208,658234,-18344,43123
2024/05/31,臺指選擇權,投信,0,0,0,0,0,0,264,3277,250,483,14,2794
2024/05/31,臺指選擇權,自營商,222709,956685,241805,1017844,-19096,-61159,111463,1139156,123681,975336,-12218,163820
2024/06/03,臺指選擇權,外資,237097,1292569,232327,1267770,4770,24800,79633,751006,93207,570249,-13574,180757
2024/06/03,臺指選擇權,投信,0,0,0,0,0,0,264,3233,250,621,14,2612
2024/06/03,臺指選擇權,自營商,336576,1424553,332426,1404232,4150,20321,118968,1240774,127036,1073177,-8068,167597
2024/06/04,臺指選擇權,外資,256754,1143853,264865,1169947,-8111,-26095,79417,696416,101102,630690,-21685,65726
2024/06/04,臺指選擇權,投信,0,0,0,0,0,0,264,3106,250,423,14,2683
2024/06/04,臺指選擇權,自營商,298381,1029501,313489,1083499,-15108,-53998,120899,1205791,144075,1054901,-23176,150890
2024/06/05,臺指選擇權,外資,464807,1597787,464259,1604642,548,-6855,69280,652350,84522,551274,-15242,101076
2024/06/05,臺指選擇權,投信,0,0,0,0,0,0,264,2988,250,445,14,2543
2024/06/05,臺指選擇權,自營商,457017,1217583,435347,1111062,21670,106521,94174,1111591,91692,843922,2482,267669
2024/06/06,臺指選擇權,外資,199420,1226985,200608,1238774,-1188,-11790,77841,840597,94271,647865,-16430,192732
2024/06/06,臺指選擇權,投信,0,0,0,0,0,0,264,3640,250,811,14,2829
2024/06/06,臺指選擇權,自營商,262598,1281272,243968,1197569,18630,83704,127398,1365458,106286,1071317,21112,294141
2024/06/07,臺指選擇權,外資,146884,827790,147306,826462,-422,1328,78792,835555,95644,633739,-16852,201816
2024/06/07,臺指選擇權,投信,0,0,0,0,0,0,264,3578,250,765,14,2813
2024/06/07,臺指選擇權,自營商,143673,564418,156068,633241,-12395,-68823,125869,1307324,117152,1092242,8717,215082
2024/06/11,臺指選擇權,外資,220342,971912,219995,960089,347,11823,80958,719714,97463,529692,-16505,190022
2024/06/11,臺指選擇權,投信,0,0,0,0,0,0,264,3129,250,535,14,2594
2024/06/11,臺指選擇權,自營商,241300,630645,242939,675796,-1639,-45151,133472,1196488,126394,1011772,7078,184716
2024/06/12,臺指選擇權,外資,339861,1146235,339745,1148690,116,-2456,73847,878418,87778,628684,-13931,249734
2024/06/12,臺指選擇權,投信,0,0,0,0,0,0,264,3925,250,909,14,3016
2024/06/12,臺指選擇權,自營商,385192,873829,374018,798942,11174,74887,93904,1243352,90569,1045497,3335,197855
2024/06/13,臺指選擇權,外資,195277,1211305,189399,1192079,5878,19226,84950,1199095,93003,848054,-8053,351041
2024/06/13,臺指選擇權,投信,0,0,0,0,0,0,264,4958,250,1400,14,3558
2024/06/13,臺指選擇權,自營商,266590,1243528,257962,1327201,8628,-83672,119923,1423455,107960,1365035,11963,58420
2024/06/14,臺指選擇權,外資,158480,897599,157403,903045,1077,-5445,89170,1425535,96146,1012049,-6976,413486
2024/06/14,臺指選擇權,投信,0,0,0,0,0,0,264,5657,250,1806,14,3851
2024/06/14,臺指選擇權,自營商,192985,909905,184253,832316,8732,77589,135864,1674997,115169,1578382,20695,96615
2024/06/17,臺指選擇權,外資,147176,735711,149607,756402,-2431,-20691,90110,1374921,99517,1002809,-9407,372112
2024/06/17,臺指選擇權,投信,0,0,80,51,-80,-51,264,5534,330,1755,-66,3779
2024/06/17,臺指選擇權,自營商,149775,584329,154737,602922,-4962,-18593,139888,1640408,124155,1570639,15733,69769
2024/06/18,臺指選擇權,外資,240080,1138924,240401,1099526,-321,39398,91928,1855619,101656,1295487,-9728,560132
2024/06/18,臺指選擇權,投信,0,0,0,0,0,0,264,6768,330,2485,-66,4283
2024/06/18,臺指選擇權,自營商,271951,1078244,263667,1099582,8284,-21337,155525,1998126,131508,2085611,24017,-87485
2024/06/19,臺指選擇權,外資,459548,1855112,466658,1867346,-7110,-12234,22837,660009,30288,523077,-7451,136932
2024/06/19,臺指選擇權,投信,173,2482,184,2,-11,2480,173,2387,0,0,173,2387
2024/06/19,臺指選擇權,自營商,549287,2008163,508537,1793704,40750,214459,61722,1130891,51809,858426,9913,272465
2024/06/20,臺指選擇權,外資,103132,730662,106935,725519,-3803,5143,32078,844558,43332,660657,-11254,183901
2024/06/20,臺指選擇權,投信,100,3091,70,665,30,2425,273,5252,70,865,203,4387
2024/06/20,臺指選擇權,自營商,155792,699071,162524,854353,-6732,-155283,87752,1220214,84571,1162447,3181,57767
2024/06/21,臺指選擇權,外資,172014,1051609,173643,1047490,-1629,4119,36735,828447,49618,669617,-12883,158830
2024/06/21,臺指選擇權,投信,0,0,200,421,-200,-421,273,5263,270,1116,3,4147
2024/06/21,臺指選擇權,自營商,183288,915781,182988,984920,300,-69140,101691,1216443,98210,1212603,3481,3840
2024/06/24,臺指選擇權,外資,292809,1760345,288346,1733323,4463,27022,41313,724357,49733,641325,-8420,83032
2024/06/24,臺指選擇權,投信,0,0,0,0,0,0,273,5645,270,1028,3,4617
2024/06/24,臺指選擇權,自營商,244982,1136237,270501,1338293,-25519,-202056,99393,1143549,121431,1222326,-22038,-78777
2024/06/25,臺指選擇權,外資,295890,1570624,295896,1533206,-6,37418,49058,776317,57484,653649,-8426,122668
2024/06/25,臺指選擇權,投信,0,0,0,0,0,0,273,5496,270,930,3,4566
2024/06/25,臺指選擇權,自營商,279277,1046878,305494,1242492,-26217,-195614,100739,1090347,148994,1313740,-48255,-223393
2024/06/26,臺指選擇權,外資,350486,1293037,348988,1270636,1498,22401,38565,784754,44885,614253,-6320,170501
2024/06/26,臺指選擇權,投信,0,0,0,0,0,0,273,5230,270,911,3,4319
2024/06/26,臺指選擇權,自營商,378426,1042757,361783,932550,16643,110207,68684,1037818,92650,1176547,-23966,-138729
2024/06/27,臺指選擇權,外資,150216,1122537,150948,1119177,-732,3360,46608,798812,53660,631041,-7052,167771
2024/06/27,臺指選擇權,投信,0,0,0,0,0,0,273,5213,270,807,3,4406
2024/06/27,臺指選擇權,自營商,166298,913861,164475,936631,1823,-22770,95150,1099722,117293,1237775,-22143,-138053
2024/06/28,臺指選擇權,外資,184230,1215611,184950,1210713,-720,4898,48945,856666,56717,659037,-7772,197629
2024/06/28,臺指選擇權,投信,0,0,0,0,0,0,273,4501,270,671,3,3830
2024/06/28,臺指選擇權,自營商,175406,866888,180805,879483,-5399,-12595,95164,1068278,122706,1257118,-27542,-188840
2024/07/01,臺指選擇權,外資,184943,1024994,186545,1029993,-1602,-4999,50800,824604,60174,624787,-9374,199817
2024/07/01,臺指選擇權,投信,0,0,0,0,0,0,273,4106,270,536,3,3570
2024/07/01,臺指選擇權,自營商,179999,628788,174410,616562,5589,12226,107756,1048864,129709,1203193,-21953,-154329
2024/07/02,臺指選擇權,外資,266921,1347650,268412,1346634,-1491,1016,51611,737559,62476,554610,-10865,182949
2024/07/02,臺指選擇權,投信,0,0,0,0,0,0,273,4119,270,422,3,3697
2024/07/02,臺指選擇權,自營商,245798,819489,246703,870675,-905,-51186,115388,1047428,138246,1166464,-22858,-119036
2024/07/03,臺指選擇權,外資,292302,1014363,290927,1016550,1375,-2187,43187,849348,53252,609967,-10065,239381
2024/07/03,臺指選擇權,投信,0,0,0,0,0,0,273,3683,270,452,3,3231
2024/07/03,臺指選擇權,自營商,337097,828892,318564,737762,18533,91130,70593,1028200,95919,1173940,-25326,-145740
2024/07/04,臺指選擇權,外資,142573,1036315,140728,1032921,1845,3395,58354,1357491,66574,1052376,-8220,305115
2024/07/04,臺指選擇權,投信,0,0,0,0,0,0,273,4518,270,865,3,3653
2024/07/04,臺指選擇權,自營商,189190,977092,180404,952348,8786,24744,95267,1289666,111807,1577993,-16540,-288327
2024/07/05,臺指選擇權,外資,98252,635940,98962,636368,-710,-427,62271,1316744,71201,1022545,-8930,294199
2024/07/05,臺指選擇權,投信,0,0,0,0,0,0,273,4183,270,732,3,3451
2024/07/05,臺指選擇權,自營商,93629,464819,103462,567287,-9833,-102469,95145,1180996,121518,1535399,-26373,-354403
2024/07/08,臺指選擇權,外資,237335,1341931,232314,1322241,5021,19690,72784,1719353,76693,1316992,-3909,402361
2024/07/08,臺指選擇權,投信,0,0,0,0,0,0,273,5386,270,1195,3,4191
2024/07/08,臺指選擇權,自營商,259502,1288442,246158,1145349,13344,143093,114410,1476469,127439,1862615,-13029,-386146
2024/07/09,臺指選擇權,外資,310529,1643469,314126,1629830,-3597,13638,74685,1729900,82191,1326832,-7506,403068
2024/07/09,臺指選擇權,投信,170,2744,170,5242,0,-2498,273,2105,270,552,3,1553
2024/07/09,臺指選擇權,自營商,288964,1209127,300104,1335222,-11140,-126095,121240,1448220,145409,1938366,-24169,-490146
2024/07/10,臺指選擇權,外資,317522,1233755,313410,1252837,4112,-19083,60804,1794083,74007,1444184,-13203,349899
2024/07/10,臺指選擇權,投信,0,0,0,0,0,0,273,2461,270,678,3,1783
2024/07/10,臺指選擇權,自營商,391209,1152988,380416,1046332,10793,106656,77689,1379856,94477,1856960,-16788,-477104
2024/07/11,臺指選擇權,外資,121393,982268,118022,971148,3371,11120,71931,2324628,81763,1871601,-9832,453027
2024/07/11,臺指選擇權,投信,0,0,0,0,0,0,273,3661,270,1164,3,2497
2024/07/11,臺指選擇權,自營商,175640,1131724,166511,1025689,9129,106035,104992,1681696,112651,2293428,-7659,-611732
2024/07/12,臺指選擇權,外資,215960,1520547,216517,1539337,-557,-18790,78117,1665576,88506,1376313,-10389,289263
2024/07/12,臺指選擇權,投信,0,0,0,0,0,0,273,1491,270,257,3,1234
2024/07/12,臺指選擇權,自營商,218197,1204845,237985,1360681,-19788,-155836,111234,1409327,138681,1815168,-27447,-405841
2024/07/15,臺指選擇權,外資,202708,1333402,201814,1373281,894,-39878,79303,1730379,88798,1477545,-9495,252834
2024/07/15,臺指選擇權,投信,0,0,0,0,0,0,273,1409,270,188,3,1221
2024/07/15,臺指選擇權,自營商,239206,1279293,235910,1224576,3296,54716,121055,1512396,145206,1892981,-24151,-380585
2024/07/16,臺指選擇權,外資,275327,1368485,274786,1355953,541,12533,82800,1815953,91754,1502566,-8954,313387
2024/07/16,臺指選擇權,投信,0,0,0,0,0,0,273,1631,270,112,3,1519
2024/07/16,臺指選擇權,自營商,291600,1079424,281618,1008037,9982,71387,129299,1539672,143468,1909093,-14169,-369421
2024/07/17,臺指選擇權,外資,374027,1475569,375303,1475572,-1276,-3,26104,656392,35622,610638,-9518,45754
2024/07/17,臺指選擇權,投信,149,4855,173,2,-24,4853,149,4992,0,0,149,4992
2024/07/17,臺指選擇權,自營商,377999,1156483,412604,1325546,-34605,-169063,53262,1138251,68633,968788,-15371,169463
2024/07/18,臺指選擇權,外資,156952,1505137,160906,1494347,-3954,10791,35723,797458,49195,812008,-13472,-14550
2024/07/18,臺指選擇權,投信,0,0,0,0,0,0,149,6742,0,0,149,6742
2024/07/18,臺指選擇權,自營商,160739,1146137,170581,1474177,-9842,-328041,74629,1249441,99842,1359518,-25213,-110077
2024/07/19,臺指選擇權,外資,202374,1658914,205689,1694145,-3315,-35230,38604,858432,55391,989248,-16787,-130816
2024/07/19,臺指選擇權,投信,0,0,0,0,0,0,149,9089,0,0,149,9089
2024/07/19,臺指選擇權,自營商,260661,1647194,261648,1715338,-987,-68144,87850,1337824,114050,1419702,-26200,-81878
2024/07/22,臺指選擇權,外資,308572,2164102,316526,2168020,-7954,-3917,45862,1093558,70603,1400326,-24741,-306768
2024/07/22,臺指選擇權,投信,0,0,0,0,0,0,149,12218,0,0,149,12218
2024/07/22,臺指選擇權,自營商,305770,1836378,316268,1987708,-10498,-151330,106089,1656328,142787,2041971,-36698,-385643
2024/07/23,臺指選擇權,外資,230671,1351669,220512,1309886,10159,41783,53563,956349,68145,1007911,-14582,-51562
2024/07/23,臺指選擇權,投信,100,2820,50,374,50,2446,249,12089,50,428,199,11661
2024/07/23,臺指選擇權,自營商,240604,1137321,221597,998403,19007,138918,126367,1519231,144058,1553493,-17691,-34262
2024/07/26,臺指選擇權,外資,237701,1280611,232786,1232934,4915,47677,41684,1168973,58976,1377927,-17292,-208954
2024/07/26,臺指選擇權,投信,0,0,0,0,0,0,249,15561,50,225,199,15336
2024/07/26,臺指選擇權,自營商,337844,1554342,382860,1784386,-45016,-230045,60028,1395566,100123,1686060,-40095,-290494
2024/07/29,臺指選擇權,外資,161970,1149650,157025,1123305,4945,26345,52383,1146753,64730,1267514,-12347,-120761
2024/07/29,臺指選擇權,投信,0,0,0,0,0,0,249,14300,50,165,199,14135
2024/07/29,臺指選擇權,自營商,225506,1218617,203182,1126471,22324,92146,95004,1400572,112775,1523328,-17771,-122756
2024/07/30,臺指選擇權,外資,241037,1407854,241800,1388391,-763,19464,55244,1176360,68354,1280907,-13110,-104547
2024/07/30,臺指選擇權,投信,0,0,150,3309,-150,-3309,249,14230,200,4255,49,9975
2024/07/30,臺指選擇權,自營商,295620,1330305,311832,1354577,-16212,-24272,93937,1385772,127920,1475323,-33983,-89551
2024/07/31,臺指選擇權,外資,349666,1448728,343676,1420402,5990,28325,47383,1166214,57537,1230091,-10154,-63877
2024/07/31,臺指選擇權,投信,0,0,37,3225,-37,-3225,212,10927,200,4255,12,6672
2024/07/31,臺指選擇權,自營商,446307,1355287,438483,1328143,7824,27143,62850,1296161,97373,1338744,-34523,-42583
2024/08/01,臺指選擇權,外資,111310,892844,107593,877401,3717,15443,56210,1152512,62647,1114812,-6437,37700
2024/08/01,臺指選擇權,投信,0,0,0,0,0,0,212,9768,200,5845,12,3923
2024/08/01,臺指選擇權,自營商,156351,988940,150167,976267,6184,12673,84654,1318673,112993,1387808,-28339,-69135
2024/08/02,臺指選擇權,外資,196553,1629250,202199,1661630,-5646,-32379,58187,1649367,70270,1984342,-12083,-334975
2024/08/02,臺指選擇權,投信,0,0,0,0,0,0,212,14160,200,2176,12,11984
2024/08/02,臺指選擇權,自營商,261116,1808314,266553,1772907,-5437,35407,100824,1873350,134600,2058622,-33776,-185272
2024/08/05,臺指選擇權,外資,138580,1432785,140938,1428629,-2358,4155,60241,3755284,74687,5171810,-14446,-1416526
2024/08/05,臺指選擇權,投信,0,0,0,0,0,0,212,25795,200,791,12,25004
2024/08/05,臺指選擇權,自營商,262503,4334332,266117,3546414,-3614,787918,124210,5402576,161600,6295532,-37390,-892956
2024/08/06,臺指選擇權,外資,139216,1255346,139678,1223067,-462,32278,64062,2646464,78970,3463501,-14908,-817037
2024/08/06,臺指選擇權,投信,0,0,0,0,0,0,212,19671,200,990,12,18681
2024/08/06,臺指選擇權,自營商,236317,3028911,243181,2847634,-6864,181277,131809,3593992,176063,3839642,-44254,-245650
2024/08/07,臺指選擇權,外資,328298,1925732,327440,2019852,858,-94120,49196,1686423,64797,2186079,-15601,-499656
2024/08/07,臺指選擇權,投信,0,0,0,0,0,0,212,15744,200,1338,12,14406
2024/08/07,臺指選擇權,自營商,356427,2433540,326562,2152992,29865,280548,87912,2533515,104907,2239788,-16995,293727
2024/08/08,臺指選擇權,外資,51259,564529,52632,578092,-1373,-13563,52652,2008215,69626,2678756,-16974,-670541
2024/08/08,臺指選擇權,投信,70,1282,50,350,20,932,282,19253,250,1013,32,18240
2024/08/08,臺指選擇權,自營商,139249,1281931,143953,1351733,-4704,-69802,98682,2776789,120381,2482943,-21699,293846
2024/08/09,臺指選擇權,外資,61429,561401,64293,623185,-2864,-61784,53375,1442970,73213,1897793,-19838,-454823
2024/08/09,臺指選擇權,投信,0,0,0,0,0,0,282,15917,250,1840,32,14077
2024/08/09,臺指選擇權,自營商,202828,1694584,182301,1502007,20527,192577,120599,2471654,121771,2097166,-1172,374488
2024/08/12,臺指選擇權,外資,91973,773558,91795,798073,178,-24516,55430,1305425,75090,1706155,-19660,-400730
2024/08/12,臺指選擇權,投信,0,0,0,0,0,0,282,15003,250,1899,32,13104
2024/08/12,臺指選擇權,自營商,217201,1366414,206093,1309606,11108,56807,134411,2377906,124475,1990062,9936,387844
2024/08/13,臺指選擇權,外資,103560,630610,103382,638439,178,-7829,55816,1205036,75298,1568243,-19482,-363207
2024/08/13,臺指選擇權,投信,0,0,0,0,0,0,282,14443,250,1752,32,12691
2024/08/13,臺指選擇權,自營商,197179,862341,188625,843396,8554,18945,149350,2271630,130860,1917435,18490,354195
2024/08/14,臺指選擇權,外資,196169,702591,195718,703256,451,-665,51691,1014491,71354,1301486,-19663,-286995
2024/08/14,臺指選擇權,投信,0,0,0,0,0,0,282,13668,250,2090,32,11578
2024/08/14,臺指選擇權,自營商,307736,1063981,300766,1027532,6970,36449,105598,1930132,96357,1655206,9241,274926
2024/08/15,臺指選擇權,外資,85527,684643,85067,696032,460,-11389,54892,1048505,74095,1367997,-19203,-319492
2024/08/15,臺指選擇權,投信,0,0,0,0,0,0,282,13851,250,1191,32,12660
2024/08/15,臺指選擇權,自營商,153178,915677,153064,963061,114,-47384,114037,1888261,104682,1622115,9355,266146
2024/08/16,臺指選擇權,外資,103338,681576,97475,626765,5863,54811,59548,916700,72888,1050268,-13340,-133568
2024/08/16,臺指選擇權,投信,0,0,0,0,0,0,282,12764,250,3452,32,9312
2024/08/16,臺指選擇權,自營商,188634,1074119,185514,1004546,3120,69573,122354,1865571,109879,1710441,12475,155130
2024/08/19,臺指選擇權,外資,112944,598016,114724,667366,-1780,-69351,62427,866853,77547,1074496,-15120,-207643
2024/08/19,臺指選擇權,投信,0,0,112,8264,-112,-8264,170,3873,250,2914,-80,959
2024/08/19,臺指選擇權,自營商,177860,782948,172313,761511,5547,21437,133825,1849791,115803,1680635,18022,169156
2024/08/20,臺指選擇權,外資,117545,552198,119122,554011,-1577,-1812,63735,839224,80432,1022061,-16697,-182837
2024/08/20,臺指選擇權,投信,0,0,0,0,0,0,170,4063,250,3123,-80,940
2024/08/20,臺指選擇權,自營商,162978,575181,171727,601980,-8749,-26800,133701,1798119,124428,1694438,9273,103681
2024/08/21,臺指選擇權,外資,237666,797373,243081,834083,-5415,-36710,19697,490404,34416,697536,-14719,-207132
2024/08/21,臺指選擇權,投信,0,0,0,0,0,0,0,0,0,0,0,0
2024/08/21,臺指選擇權,自營商,282617,707933,297280,807121,-14663,-99188,65269,1203677,66568,957547,-1299,246130
2024/08/22,臺指選擇權,外資,81348,653116,80414,667706,934,-14590,27545,571244,41330,798810,-13785,-227566
2024/08/22,臺指選擇權,投信,0,0,140,1924,-140,-1924,0,0,140,1828,-140,-1828
2024/08/22,臺指選擇權,自營商,132573,799542,129383,780038,3190,19503,84404,1308081,82513,1012320,1891,295761
2024/08/23,臺指選擇權,外資,124498,828207,123699,827245,799,962,31340,605881,44326,830488,-12986,-224607
2024/08/23,臺指選擇權,投信,0,0,0,0,0,0,0,0,140,1798,-140,-1798
2024/08/23,臺指選擇權,自營商,153655,866604,163427,904547,-9772,-37943,85397,1313214,93278,1070764,-7881,242450
2024/08/26,臺指選擇權,外資,150131,868683,148767,876708,1364,-8024,36421,598015,48043,816359,-11622,-218344
2024/08/26,臺指選擇權,投信,40,1220,126,1216,-86,4,40,970,266,2755,-226,-1785
2024/08/26,臺指選擇權,自營商,215761,981351,202674,919494,13087,61857,97750,1297337,92544,1002781,5206,294556
2024/08/27,臺指選擇權,外資,125921,642141,128029,628164,-2108,13977,38343,623176,52073,828839,-13730,-205663
2024/08/27,臺指選擇權,投信,0,0,0,0,0,0,40,884,266,2354,-226,-1470
2024/08/27,臺指選擇權,自營商,172445,604242,183477,672302,-11032,-68060,97100,1251214,102926,990068,-5826,261146
2024/08/28,臺指選擇權,外資,234078,820934,233043,815091,1035,5843,31697,633262,46831,823905,-15134,-190643
2024/08/28,臺指選擇權,投信,0,0,0,0,0,0,40,1170,266,3065,-226,-1895
2024/08/28,臺指選擇權,自營商,321728,941114,313861,878456,7867,62658,72013,1274483,67832,1021619,4181,252864
2024/08/29,臺指選擇權,外資,85009,660098,81928,647286,3081,12812,40593,640012,52646,826139,-12053,-186127
2024/08/29,臺指選擇權,投信,40,400,0,0,40,400,40,816,226,1558,-186,-742
2024/08/29,臺指選擇權,自營商,154512,828633,162465,951824,-7953,-123191,85421,1210584,89193,977898,-3772,232686
2024/08/30,臺指選擇權,外資,107065,683830,105894,693687,1171,-9857,43317,598529,54199,776240,-10882,-177711
2024/08/30,臺指選擇權,投信,0,0,0,0,0,0,40,912,226,1431,-186,-519
2024/08/30,臺指選擇權,自營商,133346,649956,136110,627612,-2764,22344,89271,1189411,95807,969036,-6536,220375
2024/09/02,臺指選擇權,外資,142419,762649,142101,764131,318,-1483,46110,591179,56674,750827,-10564,-159648
2024/09/02,臺指選擇權,投信,40,899,50,601,-10,299,80,1440,276,1449,-196,-9
2024/09/02,臺指選擇權,自營商,179033,641022,180955,697242,-1922,-56220,99890,1149887,108348,956795,-8458,193092
2024/09/03,臺指選擇權,外資,130089,798921,129683,786620,406,12300,45838,454241,55996,584546,-10158,-130305
2024/09/03,臺指選擇權,投信,0,0,0,0,0,0,80,1084,276,1064,-196,20
2024/09/03,臺指選擇權,自營商,174745,569002,172648,588785,2097,-19783,105797,1161850,112158,948827,-6361,213023
2024/09/04,臺指選擇權,外資,313767,1490547,318501,1459751,-4734,30796,35855,979783,53321,1086144,-17466,-106361
2024/09/04,臺指選擇權,投信,150,1610,0,0,150,1610,80,208,126,681,-46,-473
2024/09/04,臺指選擇權,自營商,323850,1477533,339460,1643882,-15610,-166349,77765,1670906,76746,1388253,1019,282653
2024/09/05,臺指選擇權,外資,79662,675163,78284,675105,1378,58,41963,838307,58051,933526,-16088,-95219
2024/09/05,臺指選擇權,投信,80,2570,180,1721,-100,849,80,2200,226,1616,-146,584
2024/09/05,臺指選擇權,自營商,154802,1036986,130607,887817,24195,149168,109950,1653472,84736,1245066,25214,408406
2024/09/06,臺指選擇權,外資,121790,954924,121504,953933,286,991,43173,803866,58975,900647,-15802,-96781
2024/09/06,臺指選擇權,投信,0,0,0,0,0,0,80,2520,226,1841,-146,679
2024/09/06,臺指選擇權,自營商,139197,857040,137211,839401,1986,17640,115405,1650066,88205,1225323,27200,424743
2024/09/09,臺指選擇權,外資,208373,1470573,209333,1478263,-960,-7689,45210,894582,61972,1005626,-16762,-111044
2024/09/09,臺指選擇權,投信,40,369,0,0,40,369,80,1764,186,813,-106,951
2024/09/09,臺指選擇權,自營商,204569,1214843,211191,1308156,-6622,-93313,121092,1654682,100514,1315408,20578,339274
2024/09/10,臺指選擇權,外資,174098,1013597,172526,1008878,1572,4719,47558,898806,62748,1012590,-15190,-113784
2024/09/10,臺指選擇權,投信,0,0,0,0,0,0,80,1400,186,669,-106,731
2024/09/10,臺指選擇權,自營商,235183,921057,228048,859089,7135,61968,130477,1637694,102764,1256696,27713,380998
2024/09/11,臺指選擇權,外資,276078,1084079,274724,1088870,1354,-4791,40013,841480,56838,960267,-16825,-118787
2024/09/11,臺指選擇權,投信,0,0,0,0,0,0,80,1320,186,581,-106,739
2024/09/11,臺指選擇權,自營商,308280,843856,307118,815596,1162,28260,89222,1490781,75480,1120826,13742,369955
2024/09/12,臺指選擇權,外資,123048,991500,120779,998918,2269,-7418,46857,566731,61413,651892,-14556,-85161
2024/09/12,臺指選擇權,投信,0,0,0,0,0,0,80,3080,186,873,-106,2207
2024/09/12,臺指選擇權,自營商,189437,1167435,189052,1170703,385,-3268,103554,1379626,89427,1043986,14127,335640
2024/09/13,臺指選擇權,外資,102885,691761,101729,676574,1156,15187,51583,526036,64983,584719,-13400,-58683
2024/09/13,臺指選擇權,投信,0,0,0,0,0,0,80,3340,186,808,-106,2532
2024/09/13,臺指選擇權,自營商,132623,583586,135974,604921,-3351,-21334,108641,1303754,97865,999647,10776,304107
2024/09/16,臺指選擇權,外資,98217,488036,95244,507311,2973,-19276,55790,480563,66217,570607,-10427,-90044
2024/09/16,臺指選擇權,投信,0,0,0,0,0,0,80,3280,186,613,-106,2667
2024/09/16,臺指選擇權,自營商,134904,559796,132111,621633,2793,-61837,117458,1240737,103889,1005759,13569,234978
2024/09/18,臺指選擇權,外資,241997,833537,244093,880934,-2096,-47398,16133,250333,22270,370929,-6137,-120596
2024/09/18,臺指選擇權,投信,0,0,0,0,0,0,0,0,0,0,0,0
2024/09/18,臺指選擇權,自營商,264334,852687,283738,1011447,-19404,-158761,47295,796583,45376,768722,1919,27861
2024/09/19,臺指選擇權,外資,97785,768544,99255,765926,-1470,2619,24211,323519,31818,434416,-7607,-110897
2024/09/19,臺指選擇權,投信,60,1943,60,1096,0,847,60,2610,60,1605,0,1005
2024/09/19,臺指選擇權,自營商,142338,856502,144424,832861,-2086,23641,59612,825772,59779,795710,-167,30062
2024/09/20,臺指選擇權,外資,129110,837568,128223,898048,887,-60479,30837,350341,37557,522016,-6720,-171675
2024/09/20,臺指選擇權,投信,0,0,0,0,0,0,60,2805,60,1755,0,1050
2024/09/20,臺指選擇權,自營商,159087,819260,149382,758338,9705,60922,72861,891270,63323,808107,9538,83163
2024/09/23,臺指選擇權,外資,117411,658074,115500,610731,1911,47343,35396,404669,40205,514245,-4809,-109576
2024/09/23,臺指選擇權,投信,0,0,200,2090,-200,-2090,60,3000,260,4005,-200,-1005
2024/09/23,臺指選擇權,自營商,134617,536021,134042,577290,575,-41269,80672,874693,70559,838191,10113,36502
2024/09/24,臺指選擇權,外資,157036,677913,155638,683192,1398,-5279,38688,436688,42099,538224,-3411,-101536
2024/09/24,臺指選擇權,投信,0,0,200,2009,-200,-2009,60,3360,460,7345,-400,-3985
2024/09/24,臺指選擇權,自營商,209563,636118,202815,621439,6748,14678,91939,912984,75078,867622,16861,45362
2024/09/25,臺指選擇權,外資,245626,884199,248002,917590,-2376,-33391,29643,474787,36926,609178,-7283,-134391
2024/09/25,臺指選擇權,投信,0,0,0,0,0,0,60,4110,460,11110,-400,-7000
2024/09/25,臺指選擇權,自營商,350210,1044993,343517,994354,6693,50639,56751,888210,54251,907192,2500,-18982
2024/09/26,臺指選擇權,外資,105605,794343,99274,751753,6331,42590,41051,658093,42003,747330,-952,-89237
2024/09/26,臺指選擇權,投信,0,0,0,0,0,0,60,4560,460,13220,-400,-8660
2024/09/26,臺指選擇權,自營商,121128,624241,125719,681979,-4591,-57738,72321,956861,74412,1061676,-2091,-104815
2024/09/27,臺指選擇權,外資,160547,1040840,161195,1056907,-648,-16066,43287,660303,44887,775854,-1600,-115551
2024/09/27,臺指選擇權,投信,0,0,0,0,0,0,60,4410,460,12670,-400,-8260
2024/09/27,臺指選擇權,自營商,189614,1014087,181615,1026684,7999,-12597,85416,988947,79508,1114820,5908,-125873
2024/09/30,臺指選擇權,外資,255369,1479091,252006,1472750,3363,6341,49565,554898,47802,699441,1763,-144543
2024/09/30,臺指選擇權,投信,0,0,0,0,0,0,60,3000,460,6305,-400,-3305
2024/09/30,臺指選擇權,自營商,219718,1030546,219801,1087099,-83,-56553,94089,1001826,88264,1218702,5825,-216876
2024/10/01,臺股期貨,外資,"188,148","1,069,966","188,253","1,061,791",-105,"8,175","51,237","542,806","49,579","674,385","1,658","-131,579"
2024/10/01,臺股期貨,投信,0,0,0,0,0,0,60,"3,090",460,"6,195",-400,"-3,105"
2024/10/01,臺股期貨,自營商,"187,645","819,303","193,045","820,162","-5,400",-859,"99,706","967,910","99,281","1,150,468",425,"-182,558"
